0 -1.571
1 -1.2568
2 -0.9426
3 -0.6284
4 -0.3142
5 1.11022e-016
6 0.3142
7 0.6284
8 0.9426
9 1.2568
10 -1
11 -0.951107
12 -0.809089
13 -0.587851
14 -0.309056
15 1.11022e-016
16 0.309056
17 0.587851
18 0.809089
19 0.951107
20 0
21 0.0225
22 12.625
23 -0.202247053384781
24 -0.178395941853523
25 0.495939970016479
26 0.331792175769806
27 0.362915068864822
28 0.388490557670593
29 0.404442071914673
30 2.25
31 2.7225
32 3.24
33 -53.0744552612305
34 -0.0102476952597499
35 2.11019015312195
36 0.960174083709717
37 -0.257098883390427
38 -0.391973465681076
39 -0.401096642017365
40 -0.5
41 -0.48
42 -0.46
43 -0.44
44 307.549011230469
45 -0.88517838716507
46 -4.02410936355591
47 6.39999151229858
48 1.0119708776474
49 0.124040551483631
50 0.841471
51 0.852108
52 0.862404
53 0.872355
54 0.881958
55 -2951.30004882812
56 1.29212820529938
57 39.1091575622559
58 26.6174850463867
59 6.27153348922729
60 -1.57099997997284
61 6.42627954483032
62 -22.0725040435791
63 48.2632637023926
64 -66.2569351196289
65 64.1638641357422
66 -47.9001998901367
67 29.6435375213623
68 -16.1250305175781
69 8.26455497741699
70 -166110752
71 96839992
72 -43655596
73 15714228
74 -4637276
75 1146165.375
76 -241415
77 -811138.4375
78 13.6846113204956
79 592.129577636719
80 0.999574
81 0.99879
82 0.997606
83 0.996024
84 0.994043
85 0.991665
86 0.98889
87 0.985719
88 20661084
89 -234.279098510742
90 0.973848
91 0.969109
92 0.963983
93 0.958471
94 0.952576
95 0.9463
96 0.939645
97 0.932615
98 0.925212
99 -667399040
100 20
101 0.5
102 0
103 0
104 0
105 0
106 0
107 0
108 0
109 0
110 -1.3
111 1.92663
112 -2681.89
113 2.73733
114 -2.61619
115 2
116 -2.015
117 3
118 -5
119 1.8
120 -1.64
121 3.54
122 0
123 0
124 0
125 0
126 0
127 0
128 0
129 0
130 0
131 0
132 0
133 0
134 0
135 0
136 0
137 0
138 0
139 0
140 0
141 0
142 0
143 0
144 0
145 0
146 0
147 0
148 0
149 0
150 0.99
151 10
152 1.4887843132019
153 0
154 0
155 0
156 0
157 0
158 0
159 0
160 0
161 0
162 0
163 0
164 0
165 0
166 0
167 0
168 0
169 0
170 0
171 0
172 0
173 0
174 0
175 0
176 0
177 0
178 0
179 0
180 0
181 0
182 0
183 0
184 0
185 0
186 0
187 0
188 0
189 0
190 0
191 0
192 0
193 0
194 0
195 0
196 0
197 0
198 0
199 0
200 0
201 0
202 0
203 0
204 0
205 0
206 0
207 0
208 0
209 0
210 0
211 0
212 0
213 0
214 0
215 0
216 0
217 0
218 0
219 0
220 0
221 0
222 0
223 0
224 0
225 0
226 0
227 0
228 0
229 0
230 0
231 0
232 0
233 0
234 0
235 0
236 0
237 0
238 0
239 0
240 0
241 0
242 0
243 0
244 0
245 0
246 0
247 0
248 0
249 0
250 0
251 0
252 0
253 0
254 0
255 0
256 0
257 0
258 0
259 0
260 0
261 0
262 0
263 0
264 0
265 0
266 0
267 0
268 0
269 0
270 0
271 0
272 0
273 0
274 0
275 0
276 0
277 0
278 0
279 0
280 0
281 0
282 0
283 0
284 0
285 0
286 0
287 0
288 0
289 0
290 0
291 0
292 0
293 0
294 0
295 0
296 0
297 0
298 0
299 0
300 0
301 0
302 0
303 0
304 0
305 0
306 0
307 0
308 0
309 0
310 0
311 0
312 0
313 0
314 0
315 0
316 0
317 0
318 0
319 0
320 0
321 0
322 0
323 0
324 0
325 0
326 0
327 0
328 0
329 0
330 0
331 0
332 0
333 0
334 0
335 0
336 0
337 0
338 0
339 0
340 0
341 0
342 0
343 0
344 0
345 0
346 0
347 0
348 0
349 0
350 0
351 0
352 0
353 0
354 0
355 0
356 0
357 0
358 0
359 0
360 0
361 0
362 0
363 0
364 0
365 0
366 0
367 0
368 0
369 0
370 0
371 0
372 0
373 0
374 0
375 0
376 0
377 0
378 0
379 0
380 0
381 0
382 0
383 0
384 0
385 0
386 0
387 0
388 0
389 0
390 0
391 0
392 0
393 0
394 0
395 0
396 0
397 0
398 0
399 0
400 0
401 0
402 0
403 0
404 0
405 0
406 0
407 0
408 0
409 0
410 0
411 0
412 0
413 0
414 0
415 0
416 0
417 0
418 0
419 0
420 0
421 0
422 0
423 0
424 0
425 0
426 0
427 0
428 0
429 0
430 0
431 0
432 0
433 0
434 0
435 0
436 0
437 0
438 0
439 0
440 0
441 0
442 0
443 0
444 0
445 0
446 0
447 0
448 0
449 0
450 0
451 0
452 0
453 0
454 0
455 0
456 0
457 0
458 0
459 0
460 0
461 0
462 0
463 0
464 0
465 0
466 0
467 0
468 0
469 0
470 0
471 0
472 0
473 0
474 0
475 0
476 0
477 0
478 0
479 0
480 0
481 0
482 0
483 0
484 0
485 0
486 0
487 0
488 0
489 0
490 0
491 0
492 0
493 0
494 0
495 0
496 0
497 0
498 0
499 0
500 -1.57099997997284
501 -1.25680005550385
502 -0.942600011825562
503 -0.628400027751923
504 -0.314200013875961
505 1.1102199806005e-016
506 0.314200013875961
507 0.628400027751923
508 0.942600011825562
509 1.25680005550385
510 0
511 6.42627954483032
512 2.21239566802979
513 1.42018985748291
514 1.126993060112
515 1.01664423942566
516 1.01664423942566
517 1.126993060112
518 1.42018985748291
519 2.21239566802979
520 0
521 0
522 -22.0725040435791
523 -2.18084692955017
524 -0.586354851722717
525 -0.187715634703636
526 0
527 0.187715634703636
528 0.586354851722717
529 2.18084692955017
530 0
531 0
532 0
533 48.2632637023926
534 2.48343539237976
535 0.492701292037964
536 0.209292203187943
537 0.209292203187943
538 0.492701292037964
539 2.48343539237976
540 0
541 0
542 0
543 0
544 -66.2569351196289
545 -2.09307050704956
546 -0.253463625907898
547 0
548 0.253463625907898
549 2.09307050704956
550 0
551 0
552 0
553 0
554 0
555 64.1638641357422
556 1.45981657505035
557 0.181442022323608
558 0.181442022323608
559 1.45981657505035
560 0
561 0
562 0
563 0
564 0
565 0
566 -47.9001998901367
567 -0.830675363540649
568 0
569 0.830675363540649
570 0
571 0
572 0
573 0
574 0
575 0
576 0
577 29.6435375213623
578 0.471922099590302
579 0.471922099590302
580 0
581 0
582 0
583 0
584 0
585 0
586 0
587 0
588 -16.1250305175781
589 0
590 0
591 0
592 0
593 0
594 0
595 0
596 0
597 0
598 0
599 8.26455497741699
600 0
601 0
602 0
603 0
604 0
605 0
606 0
607 0
608 0
609 0
610 0
611 0
612 0
613 0
614 0
615 0
616 0
617 0
618 0
619 0
620 0
621 0
622 0
623 0
624 0
625 0
626 0
627 0
628 0
629 0
630 0
631 0
632 0
633 0
634 0
635 0
636 0
637 0
638 0
639 0
640 0
641 0
642 0
643 0
644 0
645 0
646 0
647 0
648 0
649 0
650 0
651 0
652 0
653 0
654 0
655 0
656 0
657 0
658 0
659 0
660 0
661 0
662 0
663 0
664 0
665 0
666 0
667 0
668 0
669 0
670 0
671 0
672 0
673 0
674 0
675 0
676 0
677 0
678 0
679 0
680 0
681 0
682 0
683 0
684 0
685 0
686 0
687 0
688 0
689 0
690 0
691 0
692 0
693 0
694 0
695 0
696 0
697 0
698 0
699 0
700 0
701 0
702 0
703 0
704 0
705 0
706 0
707 0
708 0
709 0
710 0
711 0
712 0
713 0
714 0
715 0
716 0
717 0
718 0
719 0
720 0
721 0
722 0
723 0
724 0
725 0
726 0
727 0
728 0
729 0
730 0
731 0
732 0
733 0
734 0
735 0
736 0
737 0
738 0
739 0
740 0
741 0
742 0
743 0
744 0
745 0
746 0
747 0
748 0
749 0
750 0
751 0
752 0
753 0
754 0
755 0
756 0
757 0
758 0
759 0
760 0
761 0
762 0
763 0
764 0
765 0
766 0
767 0
768 0
769 0
770 0
771 0
772 0
773 0
774 0
775 0
776 0
777 0
778 0
779 0
780 0
781 0
782 0
783 0
784 0
785 0
786 0
787 0
788 0
789 0
790 0
791 0
792 0
793 0
794 0
795 0
796 0
797 0
798 0
799 0
800 0
801 0
802 0
803 0
804 0
805 0
806 0
807 0
808 0
809 0
810 0
811 0
812 0
813 0
814 0
815 0
816 0
817 0
818 0
819 0
820 0
821 0
822 0
823 0
824 0
825 0
826 0
827 0
828 0
829 0
830 0
831 0
832 0
833 0
834 0
835 0
836 0
837 0
838 0
839 0
840 0
841 0
842 0
843 0
844 0
845 0
846 0
847 0
848 0
849 0
850 0
851 0
852 0
853 0
854 0
855 0
856 0
857 0
858 0
859 0
860 0
861 0
862 0
863 0
864 0
865 0
866 0
867 0
868 0
869 0
870 0
871 0
872 0
873 0
874 0
875 0
876 0
877 0
878 0
879 0
880 0
881 0
882 0
883 0
884 0
885 0
886 0
887 0
888 0
889 0
890 0
891 0
892 0
893 0
894 0
895 0
896 0
897 0
898 0
899 0
900 0
901 0
902 0
903 0
904 0
905 0
906 0
907 0
908 0
909 0
910 0
911 0
912 0
913 0
914 0
915 0
916 0
917 0
918 0
919 0
920 0
921 0
922 0
923 0
924 0
925 0
926 0
927 0
928 0
929 0
930 0
931 0
932 0
933 0
934 0
935 0
936 0
937 0
938 0
939 0
940 0
941 0
942 0
943 0
944 0
945 0
946 0
947 0
948 0
949 0
950 0
951 0
952 0
953 0
954 0
955 0
956 0
957 0
958 0
959 0
960 0
961 0
962 0
963 0
964 0
965 0
966 0
967 0
968 0
969 0
970 0
971 0
972 0
973 0
974 0
975 0
976 0
977 0
978 0
979 0
980 0
981 0
982 0
983 0
984 0
985 0
986 0
987 0
988 0
989 0
990 0
991 0
992 0
993 0
994 0
995 0
996 0
997 0
998 0
999 0
